 =======input parameters======================
 =========e_ml===================
 -0.242800417920392       0.538141886216709     
   1.73629761526879      -0.124771787146987     
  0.786968501647921       0.199959331913164     
 ======v_iml============
 ----------------------------
  0.642379675789636       0.144211639825902     
  0.479290383667615       0.193692950261107     
 -0.653546380240308       0.200192397118291     
 =======input parameters======================
 =========e_ml===================
 -7.092450291080926E-002  0.273287720992783     
  0.966733675325197      -4.862793551424303E-002
  0.250369263915482       8.259743676287293E-002
 ======v_iml============
 ----------------------------
  0.516532318294599       0.214784080135708     
  0.741048198027877       0.141997477090466     
 -0.204758074206094       9.525000785578382E-002
 =======input parameters======================
 =========e_ml===================
 -0.118927588367232       0.304294713129377     
   1.10540026419497      -3.097870047750874E-002
  0.245552072095401       5.497026113177017E-002
 ======v_iml============
 ----------------------------
  0.485177688539137       0.221282089305540     
  0.739556958470251       0.135471983452810     
 -0.332769136847442       9.738625107765118E-002
 =======input parameters======================
 =========e_ml===================
 -9.934441935949427E-002  0.330819428987458     
   1.12863213661617      -3.121604134604858E-002
  0.255592270344906       6.380688595087464E-002
 ======v_iml============
 ----------------------------
  0.481515734779542       0.224089535428489     
  0.740443309991808       0.140968434997382     
 -0.335353006964915       9.821011287863667E-002
 =======input parameters======================
 =========e_ml===================
 -0.102398937578694       0.345143503968426     
   1.15955191957765      -3.040588365393678E-002
  0.274847386990115       7.605415982130150E-002
 ======v_iml============
 ----------------------------
  0.484560019344815       0.223692180460908     
  0.739584942617033       0.143010287608462     
 -0.346075744400261       0.101820577588721     
 =======input parameters======================
 =========e_ml===================
 -0.101084189729017       0.352708466916833     
   1.16753274928047      -2.991384820145200E-002
  0.279111530181512       8.252574221295196E-002
 ======v_iml============
 ----------------------------
  0.485128768880754       0.223020690558894     
  0.739658596916875       0.143822515824187     
 -0.348078887425721       0.104605978298617     
 =======input parameters======================
 =========e_ml===================
 -0.101406148685295       0.356132516371787     
   1.17168291585882      -2.984119183492521E-002
  0.280795871187142       8.479608312151919E-002
 ======v_iml============
 ----------------------------
  0.485512885872973       0.222781487396907     
  0.739801623834498       0.144133149843866     
 -0.349279121136718       0.105870841017022     
 =======input parameters======================
 =========e_ml===================
 -0.101323956777516       0.357420710457157     
   1.17284497796387      -2.982869676371831E-002
  0.281186894912203       8.544354966818532E-002
 ======v_iml============
 ----------------------------
  0.485634613941086       0.222742580467796     
  0.739911914014148       0.144252424079540     
 -0.349486683851257       0.106284279905026     
 =======input parameters======================
 =========e_ml===================
 -0.101357796336222       0.357881518839440     
   1.17334517047767      -2.983175462045716E-002
  0.281343060056273       8.562563717717853E-002
 ======v_iml============
 ----------------------------
  0.485697038540943       0.222750566055558     
  0.739966380820823       0.144300130051610     
 -0.349586006988992       0.106403306702359     
 =======input parameters======================
 =========e_ml===================
 -0.101353085223033       0.358038700305877     
   1.17349417839764      -2.983284613508948E-002
  0.281388595251538       8.567992175103899E-002
 ======v_iml============
 ----------------------------
  0.485719513523789       0.222760205558265     
  0.739990589225504       0.144318611311238     
 -0.349602670578007       0.106434720674503     
 =======input parameters======================
 =========e_ml===================
 -0.101356494327781       0.358093296303289     
   1.17355426679543      -2.983342268436781E-002
  0.281408590671925       8.569841993976986E-002
 ======v_iml============
 ----------------------------
  0.485729530451768       0.222765459607641     
  0.740000149847197       0.144325579502706     
 -0.349611305371302       0.106443707296725     
 =======input parameters======================
 =========e_ml===================
 -0.101356326166298       0.358112591201563     
   1.17357343272134      -2.983358646823019E-002
  0.281415561704170       8.570527127532140E-002
 ======v_iml============
 ----------------------------
  0.485733298254659       0.222767744844586     
  0.740003810200949       0.144328201096362     
 -0.349613113774796       0.106446649331935     
 =======input parameters======================
 =========e_ml===================
 -0.101356690215164       0.358119653820364     
   1.17358087961292      -2.983366974523680E-002
  0.281418517714950       8.570790314444623E-002
 ======v_iml============
 ----------------------------
  0.485734876657778       0.222768661613263     
  0.740005145844720       0.144329216077346     
 -0.349614037600313       0.106447754814251     
 =======input parameters======================
 =========e_ml===================
 -0.101356276685116       0.358112655208693     
   1.17357340607072      -2.983372085581812E-002
  0.281415557774697       8.570535381479258E-002
 ======v_iml============
 ----------------------------
  0.485733533717785       0.222768443310299     
  0.740004018794076       0.144328760913279     
 -0.349613241639462       0.106446727120783     
 =======input parameters======================
 =========e_ml===================
 -0.101356765810570       0.358119998404805     
   1.17358096516298      -2.983395785497081E-002
  0.281418514232385       8.570791195513761E-002
 ======v_iml============
 ----------------------------
  0.485734989435991       0.222768918411187     
  0.740005199236610       0.144329697533847     
 -0.349614044999836       0.106447771761529     
 =======input parameters======================
 =========e_ml===================
 -0.101356710339931       0.358121969098750     
   1.17358289918273      -2.983372734982327E-002
  0.281419028802351       8.570877485665369E-002
 ======v_iml============
 ----------------------------
  0.485735518751562       0.222769129385700     
  0.740005802953267       0.144329823292000     
 -0.349613882795779       0.106447921548762     
 =======input parameters======================
 =========e_ml===================
 -0.101356699718108       0.358122116675132     
   1.17358190224942      -2.983370558991997E-002
  0.281418512187375       8.570893228868851E-002
 ======v_iml============
 ----------------------------
  0.485735518165642       0.222769223598230     
  0.740005959686928       0.144329732469562     
 -0.349613468730962       0.106448058138049     
 =======input parameters======================
 =========e_ml===================
 -0.101356707370059       0.358122189798415     
   1.17358190773855      -2.983386475215557E-002
  0.281418515605446       8.570890371340051E-002
 ======v_iml============
 ----------------------------
  0.485735613663370       0.222769291168067     
  0.740006053705340       0.144330175150844     
 -0.349613459242482       0.106448021065339     
 =======input parameters======================
 =========e_ml===================
 -0.101356709927753       0.358122215110178     
   1.17358190790844      -2.983374278179999E-002
  0.281418515804318       8.570893006097720E-002
 ======v_iml============
 ----------------------------
  0.485735616524401       0.222769233326485     
  0.740006055206718       0.144329949121993     
 -0.349613459459182       0.106447928140040     
 =======input parameters======================
 =========e_ml===================
 -0.101356728593655       0.358122268304578     
   1.17358191023801      -2.983356149191956E-002
  0.281418518887361       8.570900752164796E-002
 ======v_iml============
 ----------------------------
  0.485735638203325       0.222769304785752     
  0.740006071284001       0.144329476049839     
 -0.349613459822360       0.106447790865041     
 =======input parameters======================
 =========e_ml===================
 -0.101356736838906       0.358122061498227     
   1.17358190173324      -2.983342484020176E-002
  0.281418519253762       8.570883093189932E-002
 ======v_iml============
 ----------------------------
  0.485735626096757       0.222769748332339     
  0.740006045613468       0.144330943004803     
 -0.349613499001338       0.106448506048031     
 =======input parameters======================
 =========e_ml===================
 -0.101356745123035       0.358122238632631     
   1.17358191450008      -2.983401473778586E-002
  0.281418523279737       8.570889765097034E-002
 ======v_iml============
 ----------------------------
  0.485735651235308       0.222769373325905     
  0.740006083428642       0.144330338644028     
 -0.349613454243907       0.106448007252083     
 =======input parameters======================
 =========e_ml===================
 -0.101356746381613       0.358122274110865     
   1.17358191484071      -2.983378954284869E-002
  0.281418523543867       8.570893505528854E-002
 ======v_iml============
 ----------------------------
  0.485735652923585       0.222769281804074     
  0.740006084132939       0.144330000598105     
 -0.349613453805852       0.106447872508057     
 =======input parameters======================
 =========e_ml===================
 -0.101356749104230       0.358122304530135     
   1.17358191584557      -2.983366241486267E-002
  0.281418524452653       8.570896671696321E-002
 ======v_iml============
 ----------------------------
  0.485735656060393       0.222769225087188     
  0.740006086254768       0.144329735224802     
 -0.349613452350099       0.106447767655679     
 =======input parameters======================
 =========e_ml===================
 -0.101356759400707       0.358122314389993     
   1.17358191958881      -2.983369852293190E-002
  0.281418527834380       8.570898811858936E-002
 ======v_iml============
 ----------------------------
  0.485735664652099       0.222769343327879     
  0.740006093130816       0.144329652966213     
 -0.349613446436378       0.106447784361765     
 =======input parameters======================
 =========e_ml===================
 -0.101356759803438       0.358122299426251     
   1.17358192008273      -2.983374614103015E-002
  0.281418528319972       8.570897102343640E-002
 ======v_iml============
 ----------------------------
  0.485735665098829       0.222769396596193     
  0.740006094010125       0.144329805525016     
 -0.349613445588152       0.106447851031915     
 =======input parameters======================
 =========e_ml===================
 -0.101356767413429       0.358122318195463     
   1.17358192460575      -2.983383314578131E-002
  0.281418532407800       8.570892948740334E-002
 ======v_iml============
 ----------------------------
  0.485735671909927       0.222769313669593     
  0.740006101068981       0.144330024307881     
 -0.349613437903727       0.106447851633664     
 =======input parameters======================
 =========e_ml===================
 -0.101356768866001       0.358122351121215     
   1.17358192566543      -2.983366747782309E-002
  0.281418533294992       8.570896218107567E-002
 ======v_iml============
 ----------------------------
  0.485735674203902       0.222769239130024     
  0.740006102570820       0.144329736334030     
 -0.349613436154601       0.106447734682232     
 =======input parameters======================
 =========e_ml===================
 -0.101356773674742       0.358122362321484     
   1.17358192973172      -2.983366427487434E-002
  0.281418536847973       8.570898273579375E-002
 ======v_iml============
 ----------------------------
  0.485735679995940       0.222769333296101     
  0.740006108172676       0.144329632175544     
 -0.349613429142174       0.106447741785549     
 =======input parameters======================
 =========e_ml===================
 -0.101356778217925       0.358122440516500     
   1.17358193441611      -2.983398437396994E-002
  0.281418540869505       8.570893789069196E-002
 ======v_iml============
 ----------------------------
  0.485735684887416       0.222768859599244     
  0.740006113747890       0.144329664756969     
 -0.349613420796123       0.106447494106310     
 =======input parameters======================
 =========e_ml===================
 -0.101356777582893       0.358122354523063     
   1.17358193491926      -2.983384720944840E-002
  0.281418541453843       8.570892374408504E-002
 ======v_iml============
 ----------------------------
  0.485735684741049       0.222769344417508     
  0.740006114873980       0.144330009345610     
 -0.349613419913748       0.106447845356964     
 =======input parameters======================
 =========e_ml===================
 -0.101356778169881       0.358122377766228     
   1.17358193582651      -2.983373264124135E-002
  0.281418542205169       8.570894325516142E-002
 ======v_iml============
 ----------------------------
  0.485735686314596       0.222769283530895     
  0.740006116006657       0.144329831421541     
 -0.349613418382000       0.106447763883818     
 =======input parameters======================
 =========e_ml===================
 -0.101356781919240       0.358122380806548     
   1.17358194005094      -2.983362464231332E-002
  0.281418545745091       8.570895912845848E-002
 ======v_iml============
 ----------------------------
  0.485735691536247       0.222769405783683     
  0.740006120886410       0.144329771425792     
 -0.349613410968698       0.106447801921353     
 =======input parameters======================
 =========e_ml===================
 -0.101356782588089       0.358122318726461     
   1.17358194504254      -2.983391374750380E-002
  0.281418550238775       8.570888223384726E-002
 ======v_iml============
 ----------------------------
  0.485735693793793       0.222769652494509     
  0.740006127040028       0.144330392637504     
 -0.349613401980433       0.106448107879955     
 =======input parameters======================
 =========e_ml===================
 -0.101356784677832       0.358122583762917     
   1.17358194948644      -2.983404122986404E-002
  0.281418553922817       8.570905785886217E-002
 ======v_iml============
 ----------------------------
  0.485735698487238       0.222768842599941     
  0.740006131907177       0.144328680236213     
 -0.349613394228809       0.106447167465124     
 =======input parameters======================
 =========e_ml===================
 -0.101356797032755       0.358123275104687     
   1.17358240016900      -2.983377758622296E-002
  0.281418718666931       8.570939382263074E-002
 ======v_iml============
 ----------------------------
  0.485735800083835       0.222769258859141     
  0.740006245365526       0.144329988276653     
 -0.349613275138210       0.106448236190989     
 =======input parameters======================
 =========e_ml===================
 -0.101356746856407       0.358122169267843     
   1.17358188733782      -2.983319552622042E-002
  0.281418550475750       8.570905634166691E-002
 ======v_iml============
 ----------------------------
  0.485735616707360       0.222769546983439     
  0.740005980088712       0.144329160971395     
 -0.349613649611456       0.106448057361331     
 =======input parameters======================
 =========e_ml===================
 -0.101356732997090       0.358122180212940     
   1.17358187878729      -2.983364801605807E-002
  0.281418543242333       8.570895298823517E-002
 ======v_iml============
 ----------------------------
  0.485735635449743       0.222769129375949     
  0.740005986287708       0.144329598857995     
 -0.349613673669764       0.106447989220243     
 =======input parameters======================
 =========e_ml===================
 -0.101356858885531       0.358123333279766     
   1.17358329122952      -2.983381256151343E-002
  0.281419285643585       8.570928668499848E-002
 ======v_iml============
 ----------------------------
  0.485735829589924       0.222769211460387     
  0.740006089476724       0.144329822231713     
 -0.349613770281581       0.106448319091765     
 =======input parameters======================
 =========e_ml===================
 -0.101356818926491       0.358123548443885     
   1.17358244123024      -2.983365748215839E-002
  0.281418675189813       8.570942562458289E-002
 ======v_iml============
 ----------------------------
  0.485735802065238       0.222769130883921     
  0.740006227310278       0.144329789713274     
 -0.349613324703018       0.106448345320875     
 =======input parameters======================
 =========e_ml===================
 -0.101356807034979       0.358123576745970     
   1.17358244354642      -2.983392191181695E-002
  0.281418678691700       8.570945320304978E-002
 ======v_iml============
 ----------------------------
  0.485735795841300       0.222769101268840     
  0.740006231897294       0.144329641032774     
 -0.349613320736279       0.106448252606685     
 =======input parameters======================
 =========e_ml===================
 -0.101356809719258       0.358123530565129     
   1.17358244382329      -2.983382931438527E-002
  0.281418679062017       8.570942298293288E-002
 ======v_iml============
 ----------------------------
  0.485735795643922       0.222769279160625     
  0.740006232671450       0.144329972816601     
 -0.349613320417478       0.106448433463418     
 =======input parameters======================
 =========e_ml===================
 -0.101356798441317       0.358123541760165     
   1.17358244590563      -2.983363991742460E-002
  0.281418682327815       8.570941325376569E-002
 ======v_iml============
 ----------------------------
  0.485735790549417       0.222769227708990     
  0.740006237473546       0.144330032592101     
 -0.349613317209156       0.106448407972622     
 =======input parameters======================
 =========e_ml===================
 -0.101356800130868       0.358123558925283     
   1.17358244605461      -2.983365363364988E-002
  0.281418682565869       8.570943315535826E-002
 ======v_iml============
 ----------------------------
  0.485735790796399       0.222769194488515     
  0.740006238208591       0.144329878136481     
 -0.349613317182923       0.106448343428606     
 =======input parameters======================
 =========e_ml===================
 -0.101356798349710       0.358123546107799     
   1.17358244657975      -2.983378381297840E-002
  0.281418683379891       8.570942380850791E-002
 ======v_iml============
 ----------------------------
  0.485735789657265       0.222769250823344     
  0.740006239505582       0.144329994533639     
 -0.349613316435215       0.106448396639264     
 =======input parameters======================
 =========e_ml===================
 -0.101356793320542       0.358123554846394     
   1.17358244823561      -2.983385917601563E-002
  0.281418685847955       8.570943829961405E-002
 ======v_iml============
 ----------------------------
  0.485735787139283       0.222769266397763     
  0.740006243288565       0.144329922014191     
 -0.349613314143963       0.106448371660427     
 =======input parameters======================
 =========e_ml===================
 -0.101356792350461       0.358123573846494     
   1.17358244868001      -2.983369898035433E-002
  0.281418686484660       8.570945212579192E-002
 ======v_iml============
 ----------------------------
  0.485735786980932       0.222769203101287     
  0.740006244296834       0.144329777352644     
 -0.349613313616729       0.106448301035460     
 =======input parameters======================
 =========e_ml===================
 -0.101356788840776       0.358123585462935     
   1.17358245034296      -2.983365634506001E-002
  0.281418688838868       8.570944684082597E-002
 ======v_iml============
 ----------------------------
  0.485735785292829       0.222769152366672     
  0.740006247735794       0.144329795107595     
 -0.349613311393115       0.106448269684579     
 =======input parameters======================
 =========e_ml===================
 -0.101356785942347       0.358123549600940     
   1.17358245222434      -2.983378890432450E-002
  0.281418691327976       8.570944617190848E-002
 ======v_iml============
 ----------------------------
  0.485735783835547       0.222769365750797     
  0.740006250879601       0.144329930272018     
 -0.349613308787904       0.106448412999910     
 =======input parameters======================
 =========e_ml===================
 -0.101356785749498       0.358123565143164     
   1.17358245242056      -2.983382080346139E-002
  0.281418691681537       8.570944348386124E-002
 ======v_iml============
 ----------------------------
  0.485735783649556       0.222769278926986     
  0.740006251741574       0.144329907791224     
 -0.349613308668891       0.106448357075701     
 =======input parameters======================
 =========e_ml===================
 -0.101356783797759       0.358123611445008     
   1.17358245417940      -2.983360627440567E-002
  0.281418693980362       8.570945609662099E-002
 ======v_iml============
 ----------------------------
  0.485735783497665       0.222769082385792     
  0.740006254882293       0.144329697564972     
 -0.349613306532369       0.106448192438995     
 =======input parameters======================
 =========e_ml===================
 -0.101356782544939       0.358123482980746     
   1.17358245599323      -2.983365982413649E-002
  0.281418696226908       8.570941877077823E-002
 ======v_iml============
 ----------------------------
  0.485735782888396       0.222769685877044     
  0.740006257446264       0.144330299563647     
 -0.349613304117444       0.106448683220415     
 =======input parameters======================
 =========e_ml===================
 -0.101356788499129       0.358123517795426     
   1.17358244983246      -2.983376689431912E-002
  0.281418695238974       8.570943231504827E-002
 ======v_iml============
 ----------------------------
  0.485735722438475       0.222769213609272     
  0.740006193890804       0.144329832448525     
 -0.349613325330431       0.106448412789225     
 =======input parameters======================
 =========e_ml===================
 -0.101356781225673       0.358123574515486     
   1.17358245787720      -2.983378607055498E-002
  0.281418698646026       8.570940293685432E-002
 ======v_iml============
 ----------------------------
  0.485735782619293       0.222769199202076     
  0.740006260730773       0.144330172098796     
 -0.349613301893092       0.106448362634075     
 =======input parameters======================
 =========e_ml===================
 -0.101356781373493       0.358123586320662     
   1.17358245801174      -2.983364585260486E-002
  0.281418698780000       8.570942590114879E-002
 ======v_iml============
 ----------------------------
  0.485735783022704       0.222769187035040     
  0.740006260862804       0.144329981595767     
 -0.349613301773304       0.106448313225002     
 =======input parameters======================
 =========e_ml===================
 -0.101356780829366       0.358123593826262     
   1.17358245969098      -2.983358516884476E-002
  0.281418700763970       8.570949686592119E-002
 ======v_iml============
 ----------------------------
  0.485735783583312       0.222769309958355     
  0.740006263074677       0.144329488605457     
 -0.349613299765750       0.106448270576311     
 =======input parameters======================
 =========e_ml===================
 -0.101356770048448       0.358123548221905     
   1.17358244756829      -2.983361287226589E-002
  0.281418698760193       8.570940425657214E-002
 ======v_iml============
 ----------------------------
  0.485735759448860       0.222769018284614     
  0.740006227506128       0.144329967616296     
 -0.349613347046099       0.106448323494094     
 =======input parameters======================
 =========e_ml===================
 -0.101356783474978       0.358123497471927     
   1.17358245262776      -2.983390211719015E-002
  0.281418699737128       8.570941004513054E-002
 ======v_iml============
 ----------------------------
  0.485735730373999       0.222769324482281     
  0.740006205734492       0.144330085032463     
 -0.349613325277471       0.106448517760652     
 =======input parameters======================
 =========e_ml===================
 -0.101356771084197       0.358123538887102     
   1.17358245094694      -2.983372148916067E-002
  0.281418700646094       8.570940779887554E-002
 ======v_iml============
 ----------------------------
  0.485735747740373       0.222769168091405     
  0.740006223362510       0.144330101234713     
 -0.349613335693151       0.106448389397192     
 =======input parameters======================
 =========e_ml===================
 -0.101356771014624       0.358123547630706     
   1.17358245095099      -2.983357413298524E-002
  0.281418700745175       8.570942971906317E-002
 ======v_iml============
 ----------------------------
  0.485735749002987       0.222769169587563     
  0.740006224217291       0.144329922109847     
 -0.349613336091552       0.106448351809758     
 =======input parameters======================
 =========e_ml===================
 -0.101356769724647       0.358123551894460     
   1.17358245139785      -2.983365046808771E-002
  0.281418702366114       8.570949179897873E-002
 ======v_iml============
 ----------------------------
  0.485735758244716       0.222769297766455     
  0.740006233245923       0.144329492289069     
 -0.349613338993745       0.106448327013946     
 =======input parameters======================
 =========e_ml===================
 -0.101356769323702       0.358123492262266     
   1.17358244112476      -2.983366514571873E-002
  0.281418700667542       8.570943134368701E-002
 ======v_iml============
 ----------------------------
  0.485735706537956       0.222769148301297     
  0.740006173420977       0.144329791203252     
 -0.349613377077921       0.106448419103164     
 =======input parameters======================
 =========e_ml===================
 -0.101356762786986       0.358123572420162     
   1.17358244065391      -2.983407861293115E-002
  0.281418701774566       8.570949596114041E-002
 ======v_iml============
 ----------------------------
  0.485735744225687       0.222769249942164     
  0.740006207195743       0.144329739529405     
 -0.349613384168468       0.106448241020039     
 =======input parameters======================
 =========e_ml===================
 -0.101356769990155       0.358123454570086     
   1.17358243437935      -2.983385175203175E-002
  0.281418699394291       8.570940400370666E-002
 ======v_iml============
 ----------------------------
  0.485735674853316       0.222769091856459     
  0.740006134314051       0.144330055485911     
 -0.349613402140722       0.106448468810732     
 =======input parameters======================
 =========e_ml===================
 -0.101356766275910       0.358123417500923     
   1.17358256044968      -2.983375009998670E-002
  0.281418862263782       8.570943804689955E-002
 ======v_iml============
 ----------------------------
  0.485735769235105       0.222769175353204     
  0.740006229999814       0.144330005544676     
 -0.349613318058906       0.106448284481572     
 =======input parameters======================
 =========e_ml===================
 -0.101356764416241       0.358123349739748     
   1.17358236743279      -2.983343906350139E-002
  0.281418712347973       8.570958653355921E-002
 ======v_iml============
 ----------------------------
  0.485735635829162       0.222769140017123     
  0.740006033129716       0.144329291161569     
 -0.349613695658639       0.106448330197580     
 =======input parameters======================
 =========e_ml===================
 -0.101356806309323       0.358123975723120     
   1.17358279580877      -2.983371831161413E-002
  0.281418877302546       8.570962264205370E-002
 ======v_iml============
 ----------------------------
  0.485735792413258       0.222769158235109     
  0.740006190554332       0.144329714130221     
 -0.349613472606000       0.106448609725296     
 =======input parameters======================
 =========e_ml===================
 -0.101356764655058       0.358123318137007     
   1.17358236338326      -2.983370411730132E-002
  0.281418707815157       8.570954113452466E-002
 ======v_iml============
 ----------------------------
  0.485735638587131       0.222769175651236     
  0.740006029235551       0.144329776909492     
 -0.349613705482445       0.106448439664677     
 =======input parameters======================
 =========e_ml===================
 -0.101356772724335       0.358123302330274     
   1.17358236868116      -2.983378790732560E-002
  0.281418712110515       8.570950403322029E-002
 ======v_iml============
 ----------------------------
  0.485735650611265       0.222769298303306     
  0.740006033410964       0.144330143311075     
 -0.349613694697399       0.106448556689466     
 =======input parameters======================
 =========e_ml===================
 -0.101356777819478       0.358123473395035     
   1.17358237356169      -2.983401293670060E-002
  0.281418716162557       8.570961464548997E-002
 ======v_iml============
 ----------------------------
  0.485735659691200       0.222768799250522     
  0.740006037089486       0.144329109655798     
 -0.349613684630095       0.106447951251536     
 =======input parameters======================
 =========e_ml===================
 -0.101356817067177       0.358123546345593     
   1.17358259555913      -2.983377893474458E-002
  0.281418869727942       8.570944383733284E-002
 ======v_iml============
 ----------------------------
  0.485735812802521       0.222769222929199     
  0.740006207731227       0.144329963555832     
 -0.349613381459329       0.106448345809940     
 =======input parameters======================
 =========e_ml===================
 -0.101356780349313       0.358123360889382     
   1.17358237445865      -2.983370982801736E-002
  0.281418716745394       8.570954051512952E-002
 ======v_iml============
 ----------------------------
  0.485735663022582       0.222769194268956     
  0.740006037240166       0.144329872718898     
 -0.349613682748993       0.106448376220401     
 =======input parameters======================
 =========e_ml===================
 -0.101356783453192       0.358123381184798     
   1.17358237938400      -2.983360838585575E-002
  0.281418720998178       8.570954680541298E-002
 ======v_iml============
 ----------------------------
  0.485735670301601       0.222769171747680     
  0.740006041051801       0.144329757815519     
 -0.349613672453684       0.106448331289625     
 =======input parameters======================
 =========e_ml===================
 -0.101356789761226       0.358123320322454     
   1.17358237370681      -2.983371948039875E-002
  0.281418720321181       8.570951396506900E-002
 ======v_iml============
 ----------------------------
  0.485735610809970       0.222769109510421     
  0.740005977574604       0.144329865674403     
 -0.349613692413758       0.106448430272228     
 =======input parameters======================
 =========e_ml===================
 -0.101356776399192       0.358123277090380     
   1.17358236103977      -2.983381806149169E-002
  0.281418720861895       8.570951776336168E-002
 ======v_iml============
 ----------------------------
  0.485735599728218       0.222769204561792     
  0.740005943634893       0.144329995941760     
 -0.349613748463626       0.106448506367472     
 =======input parameters======================
 =========e_ml===================
 -0.101356807221119       0.358123945725119     
   1.17358294321298      -2.983427295430059E-002
  0.281418944953896       8.570940759137434E-002
 ======v_iml============
 ----------------------------
  0.485735799325957       0.222769528316242     
  0.740006154257384       0.144330796881719     
 -0.349613551222140       0.106448349120718     
 =======input parameters======================
 =========e_ml===================
 -0.101356803056901       0.358123784726809     
   1.17358256744982      -2.983394217973790E-002
  0.281418894803802       8.570930415323907E-002
 ======v_iml============
 ----------------------------
  0.485735757627499       0.222769340081546     
  0.740006131689199       0.144330299601861     
 -0.349613418590039       0.106448106919672     
 =======input parameters======================
 =========e_ml===================
 -0.101356793182298       0.358123738855354     
   1.17358255688885      -2.983373307933791E-002
  0.281418892784639       8.570933491007721E-002
 ======v_iml============
 ----------------------------
  0.485735724688644       0.222769321798041     
  0.740006092848606       0.144329976335788     
 -0.349613458206301       0.106448126713679     
 =======input parameters======================
 =========e_ml===================
 -0.101356737082438       0.358123494208892     
   1.17358265382758      -2.983373699357786E-002
  0.281419056610538       8.570946033678914E-002
 ======v_iml============
 ----------------------------
  0.485735764254302       0.222769239652382     
  0.740006161953313       0.144329994424956     
 -0.349613413181447       0.106448210301348     
 =======input parameters======================
 =========e_ml===================
 -0.101356760360012       0.358123678251014     
   1.17358255623221      -2.983352684879696E-002
  0.281418899421736       8.570932981238834E-002
 ======v_iml============
 ----------------------------
  0.485735754563057       0.222769286781912     
  0.740006147236971       0.144329446666288     
 -0.349613478177577       0.106448258959911     
 =======input parameters======================
 =========e_ml===================
 -0.101356769887290       0.358123721163271     
   1.17358255429846      -2.983367249212186E-002
  0.281418894186637       8.570935688222085E-002
 ======v_iml============
 ----------------------------
  0.485735742481714       0.222769404205359     
  0.740006119919125       0.144329746798868     
 -0.349613472927279       0.106448171551980     
 =======input parameters======================
 =========e_ml===================
 -0.101356762104250       0.358123689575197     
   1.17358255923505      -2.983382562416920E-002
  0.281418902068539       8.570932053422226E-002
 ======v_iml============
 ----------------------------
  0.485735750612211       0.222769447323744     
  0.740006148286180       0.144329855751171     
 -0.349613472449015       0.106448309494331     
 =======input parameters======================
 =========e_ml===================
 -0.101356765932026       0.358123712292468     
   1.17358256023960      -2.983380335992618E-002
  0.281418903432985       8.570934688014215E-002
 ======v_iml============
 ----------------------------
  0.485735760841399       0.222769326117422     
  0.740006156558633       0.144329632790623     
 -0.349613474191363       0.106448193673372     
 =======input parameters======================
 =========e_ml===================
 -0.101356766121921       0.358123686728266     
   1.17358256006621      -2.983375959440338E-002
  0.281418903369710       8.570931297664493E-002
 ======v_iml============
 ----------------------------
  0.485735763840127       0.222769341680930     
  0.740006158172054       0.144329895748305     
 -0.349613475323496       0.106448280185451     
 =======input parameters======================
 =========e_ml===================
 -0.101356768702468       0.358123700724613     
   1.17358256217949      -2.983348596335100E-002
  0.281418905314395       8.570932853291105E-002
 ======v_iml============
 ----------------------------
  0.485735767006148       0.222769246019905     
  0.740006162075121       0.144329680913796     
 -0.349613472956409       0.106448208340188     
 =======input parameters======================
 =========e_ml===================
 -0.101356761548388       0.358123551833627     
   1.17358255168954      -2.983365191639904E-002
  0.281418903618407       8.570930529218451E-002
 ======v_iml============
 ----------------------------
  0.485735746413188       0.222769683397675     
  0.740006130311156       0.144330103041643     
 -0.349613515639532       0.106448634487785     
 =======input parameters======================
 =========e_ml===================
 -0.101356771891255       0.358123614437416     
   1.17358255515982      -2.983386887284332E-002
  0.281418904231456       8.570927594232507E-002
 ======v_iml============
 ----------------------------
  0.485735715928483       0.222769267502465     
  0.740006106048042       0.144330050978815     
 -0.349613498894410       0.106448401458078     
 =======input parameters======================
 =========e_ml===================
 -0.101356761857405       0.358123624234663     
   1.17358255415594      -2.983385924909950E-002
  0.281418905168780       8.570930197846698E-002
 ======v_iml============
 ----------------------------
  0.485735733023900       0.222769296835316     
  0.740006123386475       0.144329982418811     
 -0.349613507651755       0.106448364288372     
 =======input parameters======================
 =========e_ml===================
 -0.101356761949896       0.358123630725371     
   1.17358255421750      -2.983371096027704E-002
  0.281418905277962       8.570931474130659E-002
 ======v_iml============
 ----------------------------
  0.485735734403274       0.222769286326228     
  0.740006124349600       0.144329869110865     
 -0.349613507956050       0.106448336187401     
 =======input parameters======================
 =========e_ml===================
 -0.101356759848798       0.358123644830693     
   1.17358255517293      -2.983350701124385E-002
  0.281418907009495       8.570933991200129E-002
 ======v_iml============
 ----------------------------
  0.485735744804836       0.222769240622678     
  0.740006134968332       0.144329639892118     
 -0.349613510192746       0.106448271096655     
 =======input parameters======================
 =========e_ml===================
 -0.101356754735349       0.358123580829675     
   1.17358254416437      -2.983371579578952E-002
  0.281418905262249       8.570935122078488E-002
 ======v_iml============
 ----------------------------
  0.485735724988728       0.222769357200388     
  0.740006102392285       0.144329672157349     
 -0.349613555068643       0.106448390650555     
 =======input parameters======================
 =========e_ml===================
 -0.101356764980063       0.358123555782481     
   1.17358254815174      -2.983390337291651E-002
  0.281418905836403       8.570927631602371E-002
 ======v_iml============
 ----------------------------
  0.485735694761028       0.222769264693644     
  0.740006078811916       0.144330115336667     
 -0.349613536106738       0.106448481082662     
 =======input parameters======================
 =========e_ml===================
 -0.101356756507395       0.358123586942708     
   1.17358254684512      -2.983374757595672E-002
  0.281418906677347       8.570931400411143E-002
 ======v_iml============
 ----------------------------
  0.485735717590278       0.222769249993356     
  0.740006099170559       0.144329993173848     
 -0.349613546612157       0.106448376093178     
 =======input parameters======================
 =========e_ml===================
 -0.101356756748698       0.358123593329922     
   1.17358254692876      -2.983359133270659E-002
  0.281418906805259       8.570933089837775E-002
 ======v_iml============
 ----------------------------
  0.485735719102388       0.222769248464434     
  0.740006100198020       0.144329848331935     
 -0.349613546872499       0.106448347208540     
 =======input parameters======================
 =========e_ml===================
 -0.101356758481197       0.358123597851035     
   1.17358254817568      -2.983364925979732E-002
  0.281418908686012       8.570936266445721E-002
 ======v_iml============
 ----------------------------
  0.485735731020874       0.222769272189823     
  0.740006111041528       0.144329590206066     
 -0.349613548427865       0.106448317544848     
 =======input parameters======================
 =========e_ml===================
 -0.101356759860991       0.358123533668487     
   1.17358253823569      -2.983366747979446E-002
  0.281418907069672       8.570933814224219E-002
 ======v_iml============
 ----------------------------
  0.485735679903043       0.222769245200962     
  0.740006050977188       0.144329725845157     
 -0.349613586142316       0.106448422462312     
 =======input parameters======================
 =========e_ml===================
 -0.101356755834726       0.358123536150418     
   1.17358253855463      -2.983387801939910E-002
  0.281418908280179       8.570934039238862E-002
 ======v_iml============
 ----------------------------
  0.485735721162725       0.222769538861224     
  0.740006086263670       0.144330292132208     
 -0.349613591816052       0.106448517221845     
 =======input parameters======================
 =========e_ml===================
 -0.101356762077199       0.358123502729209     
   1.17358253186865      -2.983384502940477E-002
  0.281418905795566       8.570930376641285E-002
 ======v_iml============
 ----------------------------
  0.485735649647275       0.222769103171512     
  0.740006012079855       0.144330022152950     
 -0.349613610323709       0.106448434488949     
 =======input parameters======================
 =========e_ml===================
 -0.101356761051025       0.358123500754624     
   1.17358253222203      -2.983381666701628E-002
  0.281418906166363       8.570930766505327E-002
 ======v_iml============
 ----------------------------
  0.485735648147279       0.222769129247691     
  0.740006012178069       0.144330004418096     
 -0.349613609483493       0.106448443987158     
 =======input parameters======================
 =========e_ml===================
 -0.101356750106543       0.358123519237590     
   1.17358253060864      -2.983384559603799E-002
  0.281418907942727       8.570932167596383E-002
 ======v_iml============
 ----------------------------
  0.485735684643470       0.222769067281938     
  0.740006044567343       0.144330048070138     
 -0.349613624337251       0.106448365329667     
